
Media dati accelerometro asse X con campionamento ogni 2mS e calcolo della media ogni 25 campioni quindi circa ogni 50mS.

	-18
	8
	-7
	-6
	20
	89
	14
	177
	253
	314
	482
	621
	796
	944
	1028
	1239
	1508
	1760
	1923
	2084
	2165
	2366
	2419
	2601
	2739
	2756
	2887
	3063
	3172
	3147
	3382
	3204
	3589
	3510
	3667
	3693
	3768
	3799
	3794
	3867
	3899
	3928
	3979
	3970
	4000
	4012
	4029
	4034
	4040
	4044
	4045
	4057
	4068
	4084
	4061
	4065
	4061
	4062
	4067
	4058
	4063
	4061
	4064
	4066
	4077
	4068
	4066
	4061
	4023
	3994
	3966
	3901
	3856
	3801
	3728
	3645
	3427
	3445
	3531
	3375
	3135
	3066
	2978
	2855
	2717
	2583
	2387
	2276
	1984
	1730
	1400
	1358
	995
	745
	522
	427
	422
	363
	305
	206
	80
	-39
	-110
	-98
	-189
	-416
	-693
	-907
	-930
	-1009
	-1104
	-1446
	-1682
	-1717
	-1998
	-2327
	-2346
	-2207
	-2279
	-2442
	-2442
	-2495
	-2693
	-2809
	-2940
	-3029
	-3137
	-3255
	-3302
	-3319
	-3341
	-3423
	-3459
	-3455
	-3648
	-3698
	-3790
	-3770
	-3789
	-3823
	-3895
	-3755
	-3978
	-3997
	-4032
	-4011
	-3960
	-4000
	-4188
	-4015
	-3995
	-4072
	-4191
	-4036
	-4111
	-4057
	-3995
	-3843
	-3781
	-3915
	-4169
	-4065
	-4080
	-3961
	-3839
	-3803
	-3690
	-3395
	-3202
	-3099
	-3037
	-2728
	-2552
	-2339
	-2026
	-1829
	-1564
	-1457
	-1064
	-828
	-556
	-409
	-361
	-7
	-417
	-210
	262
	-217
	-164
	-344
	-542
	-736
	-925
	-1120
	-1564
	-568
	36
	-366
	193
	-298
	-149
	123
	56
	1012
	497
	-1026
	-1188
	3165
	532
	-1937
	2664
	1787
	-1913
	1067
	1606
	-1452
	2142
	347
	-909
	2516
	-892
	-43
	2350
	-1465
	591
	2245
	-1587
	569
	2478
	-1239
	364
	2192
	-1557
	1307
	1449
	-1752
	1911
	1553
	-1944
	1757
	1662
	-1465
	1410
	113
	-1056
	2272
	58
	-1541
	2928
	-59
	-1054
	1898
	706
	36
	1175
	-1888
	1338
	1398
	221
	121
	265
	332
	407
	557
	484
	496
	389
	86
	66
	-170
	-545
	-50
	-491
	-219
	-595
	366
	451
	387
	615
	582
	705
	451
	337
	-72
	27
	112
	304
	225
	118
	174
	-84
	83
	-165
	22
	-330
	-485
	-11
	208
	-112
	-111
	-110
	-109
